4294967278,10
4294967278,8
4294967279,131
4294967278,403
4294967278,391
4294967278,339
4294967278,402
4294967278,44
4294967278,41
4294967278,37
4294967278,36
4294967278,32
4294967278,31
4294967278,30
4294967278,9
4294967278,7
4294967278,6
4294967279,566
4294967279,130
4294967279,126
4294967279,121
4294967279,119
4294967279,242
4294967279,117
4294967279,116
4294967279,114
4294967279,113
4294967279,108
4294967279,107
4294967279,103
4294967279,563
4294967279,98
4294967279,306
4294967279,97
4294967279,96
4294967279,531
4294967279,324
4294967279,93
4294967279,91
4294967279,90
4294967279,89
4294967279,87
4294967279,85
4294967279,84
4294967279,299
4294967278,305
4294967294,10
4294967294,1091
4294967294,1089
4294967294,1012
4294967294,996
4294967294,528
4294967294,173
4294967294,163
4294967278,165
4294967279,165
4294967279,164
4294967279,149
4294967278,20
4294967294,1093
4294967294,182
4294967294,1006
4294967278,29
4294967278,291
4294967278,28
4294967278,327
4294967278,26
4294967278,277
241,6
241,5
241,4
241,3
241,2
241,1
4294967278,325
4294967279,266
4294967278,419
4294967278,285
4294967278,5
4294967279,356
4294967278,4
4294967279,214
4294967278,369
4294967279,319
4294967278,368
238,6
238,5
238,4
238,3
238,2
238,1
4294967279,124
4294967279,123
4294967278,252
4294967279,247
4294967279,534
4294967279,237
4294967279,239
4294967278,233
4294967279,573
4294967278,418
4294967279,109
4294967279,228
235,7
4294967279,267
4294967279,260
4294967279,220
235,6
4294967279,211
235,5
235,4
235,3
235,2
235,1
4294967279,86
4294967279,95
4294967279,94
4294967279,326
4294967279,355
4294967279,92
4294967278,417
4294967279,196
4294967279,336
4294967278,336
4294967279,297
232,6
4294967278,186
232,5
4294967279,186
232,4
232,3
232,2
232,1
4294967278,416
4294967278,362
4294967278,393
4294967279,182
4294967278,306
4294967279,180
4294967278,179
4294967278,172
4294967279,354
4294967278,170
4294967278,168
4294967279,168
229,4
4294967278,167
229,3
229,2
229,1
4294967279,166
4294967279,554
4294967279,552
4294967278,300
4294967279,525
4294967279,159
228,5
228,4
228,3
228,2
228,1
4294967279,353
4294967278,156
4294967279,153
4294967278,152
4294967294,436
4294967294,420
4294967294,465
4294967294,111
4294967294,108
4294967294,413
4294967294,190
4294967278,415
4294967278,147
226,5
4294967278,143
226,4
226,3
226,2
226,1
4294967278,350
4294967279,138
4294967279,272
4294967294,179
4294967294,162
4294967278,135
4294967279,136
4294967278,290
4294967279,135
224,5
4294967278,134
224,4
4294967279,271
224,3
224,2
224,1
4294967279,352
4294967279,270
223,6
4294967279,278
4294967279,265
223,5
4294967278,268
223,4
4294967279,262
223,3
223,2
223,1
4294967278,265
4294967278,349
222,5
4294967279,255
222,4
4294967278,261
222,3
222,2
222,1
4294967279,253
4294967279,132
4294967278,346
4294967278,256
4294967278,320
4294967279,315
221,5
4294967279,565
221,4
4294967278,342
221,3
221,2
221,1
4294967278,414
4294967279,564
4294967279,122
4294967279,320
4294967278,251
4294967278,249
220,5
220,4
4294967279,243
220,3
220,2
220,1
4294967279,236
4294967279,233
4294967278,231
4294967279,231
4294967278,224
218,4
218,3
218,2
218,1
4294967279,222
4294967279,221
4294967278,221
4294967279,218
4294967279,313
4294967278,399
4294967279,309
4294967279,307
4294967279,312
4294967278,313
4294967294,168
4294967294,414
4294967294,417
4294967294,189
4294967294,458
4294967278,366
4294967294,1007
4294967294,1014
4294967294,188
4294967294,1005
4294967294,1088
4294967279,308
4294967279,203
4294967278,201
4294967278,200
4294967278,198
4294967279,198
4294967279,197
4294967278,195
4294967279,194
4294967279,193
4294967278,192
4294967278,191
4294967279,190
4294967279,189
4294967279,188
4294967278,338
4294967278,398
4294967278,360
4294967278,357
4294967278,397
4294967278,45
4294967278,27
4294967278,22
4294967278,21
4294967279,105
4294967279,562
4294967279,561
4294967279,572
4294967279,328
4294967279,529
4294967279,550
4294967278,307
4294967278,183
4294967278,182
4294967279,181
4294967279,351
4294967278,337
4294967278,361
4294967278,177
4294967278,176
4294967279,176
4294967278,169
217,6
4294967278,171
217,5
4294967279,171
217,4
217,2
217,1
4294967279,170
4294967279,167
4294967278,301
4294967279,294
4294967278,162
4294967278,159
4294967278,161
4294967279,161
4294967278,160
4294967278,413
4294967279,160
4294967278,158
4294967279,292
4294967278,42
4294967278,353
4294967279,547
4294967279,151
4294967278,151
4294967279,150
4294967278,150
4294967278,149
214,6
214,5
214,4
214,2
214,1
4294967279,521
4294967278,141
4294967279,139
4294967279,567
4294967278,379
4294967278,19
4294967278,284
4294967278,286
4294967279,544
4294967278,272
4294967278,396
211,7
4294967278,271
4294967279,350
4294967278,264
4294967279,254
211,6
211,5
211,4
211,2
211,1
4294967279,349
4294967278,257
4294967279,348
4294967279,316
4294967279,321
4294967278,245
4294967279,244
4294967278,240
208,6
208,5
208,4
208,2
208,1
4294967278,229
4294967278,227
4294967278,412
4294967278,223
4294967294,1001
4294967294,161
4294967294,1015
4294967279,219
4294967278,219
4294967278,213
4294967279,213
4294967278,394
4294967279,207
205,4
205,3
205,2
205,1
4294967278,204
4294967278,387
4294967279,230
4294967278,199
204,5
204,4
4294967279,195
204,3
204,2
204,1
4294967278,194
4294967278,137
4294967279,551
4294967278,364
4294967279,558
4294967279,185
4294967279,557
202,5
202,4
202,3
202,2
202,1
4294967278,180
4294967278,178
4294967279,175
200,5
200,4
200,3
200,2
200,1
4294967279,169
4294967279,555
4294967279,347
199,6
4294967294,412
4294967294,405
4294967294,403
4294967294,450
4294967294,410
4294967294,454
4294967294,466
4294967278,163
4294967278,358
199,5
199,4
199,3
199,2
199,1
4294967279,346
198,5
4294967278,153
4294967279,154
198,4
198,3
198,2
198,1
4294967279,523
4294967279,291
4294967279,323
4294967278,148
4294967279,146
4294967278,144
197,5
4294967279,145
197,4
4294967278,145
197,3
197,2
197,1
4294967279,144
4294967278,140
4294967279,345
196,5
196,4
196,3
196,2
196,1
4294967278,326
4294967279,285
4294967278,18
4294967278,275
194,4
194,3
194,2
194,1
4294967294,468
4294967294,68
4294967294,11
4294967279,556
4294967294,114
4294967279,322
4294967278,378
4294967279,517
4294967278,324
4294967279,259
4294967279,344
4294967294,469
4294967278,263
4294967278,279
4294967278,411
4294967294,393
